structure(list(params = structure(list(beta.sp = c(11.1579625795125, 
11.1579625795125, 11.1579625795125, 11.1579625795125), phi.sn = c(0.22, 
0.22, 0.22, 0.22), phi.l = c(0.21, 0.447, 1, 0.447), phi.ps = c(0.22, 
0.22, 0.22, 0.22), gamma.lf.ls = c(0.5, 0.5, 0.5, 0.5), gamma.rtx.ls = c(0.2, 
0.2, 0.2, 0.2), gamma.tx.rtx = c(2, 2, 2, 2), rho.lf = c(0.07, 
0.259, 0.7, 0.259), rho.ls = c(0.00049, 0.024, 0.08, 0.024), 
    rho.rel = c(0.02, 0.02, 0.02, 0.02), rho.ps = c(1.33, 3.93, 
    10, 3.93), pi.sp = c(0.75, 0.645, 0.4, 0.645), pi.ep = c(0.15, 
    0.225, 0.4, 0.225), mu.sp = c(0.233, 0.563, 1.333, 0.563), 
    mu.sn = c(0.183, 0.528, 1.333, 0.528), mu.ep = c(0.183, 0.528, 
    1.333, 0.528), zeta.sp = c(0.1, 0.07, 0, 0.07), zeta.sn = c(0.15, 
    0.105, 0, 0.105), zeta.ep = c(0.15, 0.105, 0, 0.105), theta.sp = c(1.05374543355856, 
    1.05374543355856, 1.05374543355856, 1.05374543355856), theta.sn = c(1.05374543355856, 
    1.05374543355856, 1.05374543355856, 1.05374543355856), theta.ep = c(1.05374543355856, 
    1.05374543355856, 1.05374543355856, 1.05374543355856), theta.spI = c(0, 
    0, 0, 0), theta.snI = c(0, 0, 0, 0), theta.epI = c(0, 0, 
    0, 0), eta.sp = c(0.79, 0.79, 0.79, 0.79), eta.sn = c(0.79, 
    0.79, 0.79, 0.79), eta.ep = c(0.79, 0.79, 0.79, 0.79), foi.hiv = c(3.93163067533941e-07, 
    0, 0, 0), chi.elg = c(0, 0.238663484, 0, 0), chi.tx = c(0, 
    0, 0.0601969292284996, 0), mu.hiv = c(0, 0.008, 0.13, 0.0365
    ), nu = c(0, 0, 0, 0), mu = c(0, 0, 0, 0), delta = c(0.02, 
    0.02, 0.02, 0.02), beta.delta = c(-0.0435346016474456, -0.0435346016474456, 
    -0.0435346016474456, -0.0435346016474456), `ART mulitplier` = c(0.7, 
    0.7, 0.7, 0.7)), .Names = c("beta.sp", "phi.sn", "phi.l", 
"phi.ps", "gamma.lf.ls", "gamma.rtx.ls", "gamma.tx.rtx", "rho.lf", 
"rho.ls", "rho.rel", "rho.ps", "pi.sp", "pi.ep", "mu.sp", "mu.sn", 
"mu.ep", "zeta.sp", "zeta.sn", "zeta.ep", "theta.sp", "theta.sn", 
"theta.ep", "theta.spI", "theta.snI", "theta.epI", "eta.sp", 
"eta.sn", "eta.ep", "foi.hiv", "chi.elg", "chi.tx", "mu.hiv", 
"nu", "mu", "delta", "beta.delta", "ART mulitplier")), state = structure(c(71870.7434087584, 
0.102829484113517, 0.112374595746761, 0.10452728604232, 819.514690207652, 
0.00103473448557702, 0.000812570676126771, 0.00100557755197215, 
26865.0592477825, 0.039412381655688, 0.0364167890282799, 0.0455929694107096, 
48.9203876904011, 0.000288028478799386, 0.000348319047333777, 
0.000337659735568004, 33.5157811311365, 0.000308024445348062, 
0.00036032939425561, 0.000424523596936129, 11.1719270437122, 
0.000168033828982741, 0.000513276191239786, 0.000244618844477028, 
7.8860661485027, 0.000137162097638795, 0.000565720782845026, 
0.000205133850260939, 28.0576276008551, 0.000292391705047452, 
0.000722642939356042, 0.000472548736905468, 314.670657922681, 
0.00166179347011955, 0.00431162756062694, 0.00483320551791024, 
0, 0, 0, 0, 0, 0, 0, 0, 0, 0, 0, 0, 0, 0, 0, 0, 0, 0, 0, 0, 0, 
0, 0, 0, 0), .Names = c("S1", "hS1", "aS1", "nS1", "Lf1", "hLf1", 
"aLf1", "nLf1", "Ls1", "hLs1", "aLs1", "nLs1", "Ps1", "hPs1", 
"aPs1", "nPs1", "Asp1", "hAsp1", "aAsp1", "nAsp1", "Asn1", "hAsn1", 
"aAsn1", "nAsn1", "Aep1", "hAep1", "aAep1", "nAep1", "Tx1", "hTx1", 
"aTx1", "nTx1", "Rtx1", "hRtx1", "aRtx1", "nRtx1", "CI1", "hCI1", 
"aCI1", "nCI1", "CIall", "Mtb1", "hMtb1", "aMtb1", "nMtb1", "N.Asp1", 
"hN.Asp1", "aN.Asp1", "nN.Asp1", "N.Asn1", "hN.Asn1", "aN.Asn1", 
"nN.Asn1", "N.Aep1", "hN.Aep1", "aN.Aep1", "nN.Aep1", "ReTx1", 
"hReTx1", "aReTx1", "nReTx1"))), .Names = c("params", "state"
))
