structure(list(params = structure(list(beta.sp = c(15.1332693327761, 
15.1332693327761, 15.1332693327761, 15.1332693327761), phi.sn = c(0.22, 
0.22, 0.22, 0.22), phi.l = c(0.21, 0.447, 1, 0.447), phi.ps = c(0.22, 
0.22, 0.22, 0.22), gamma.lf.ls = c(0.5, 0.5, 0.5, 0.5), gamma.rtx.ls = c(0.2, 
0.2, 0.2, 0.2), gamma.tx.rtx = c(2, 2, 2, 2), rho.lf = c(0.07, 
0.259, 0.7, 0.259), rho.ls = c(0.00049, 0.024, 0.08, 0.024), 
    rho.rel = c(0.02, 0.02, 0.02, 0.02), rho.ps = c(1.33, 3.93, 
    10, 3.93), pi.sp = c(0.75, 0.645, 0.4, 0.645), pi.ep = c(0.15, 
    0.225, 0.4, 0.225), mu.sp = c(0.233, 0.563, 1.333, 0.563), 
    mu.sn = c(0.183, 0.528, 1.333, 0.528), mu.ep = c(0.183, 0.528, 
    1.333, 0.528), zeta.sp = c(0.1, 0.07, 0, 0.07), zeta.sn = c(0.15, 
    0.105, 0, 0.105), zeta.ep = c(0.15, 0.105, 0, 0.105), theta.sp = c(1.05374543355856, 
    1.05374543355856, 1.05374543355856, 1.05374543355856), theta.sn = c(1.05374543355856, 
    1.05374543355856, 1.05374543355856, 1.05374543355856), theta.ep = c(1.05374543355856, 
    1.05374543355856, 1.05374543355856, 1.05374543355856), theta.spI = c(0, 
    0, 0, 0), theta.snI = c(0, 0, 0, 0), theta.epI = c(0, 0, 
    0, 0), eta.sp = c(0.79, 0.79, 0.79, 0.79), eta.sn = c(0.79, 
    0.79, 0.79, 0.79), eta.ep = c(0.79, 0.79, 0.79, 0.79), foi.hiv = c(3.93163067533941e-07, 
    0, 0, 0), chi.elg = c(0, 0.238663484, 0, 0), chi.tx = c(0, 
    0, 0.0601969292284996, 0), mu.hiv = c(0, 0.008, 0.13, 0.0365
    ), nu = c(0, 0, 0, 0), mu = c(0, 0, 0, 0), delta = c(0.02, 
    0.02, 0.02, 0.02), beta.delta = c(-0.005, -0.005, -0.005, 
    -0.005), `ART mulitplier` = c(0.7, 0.7, 0.7, 0.7)), .Names = c("beta.sp", 
"phi.sn", "phi.l", "phi.ps", "gamma.lf.ls", "gamma.rtx.ls", "gamma.tx.rtx", 
"rho.lf", "rho.ls", "rho.rel", "rho.ps", "pi.sp", "pi.ep", "mu.sp", 
"mu.sn", "mu.ep", "zeta.sp", "zeta.sn", "zeta.ep", "theta.sp", 
"theta.sn", "theta.ep", "theta.spI", "theta.snI", "theta.epI", 
"eta.sp", "eta.sn", "eta.ep", "foi.hiv", "chi.elg", "chi.tx", 
"mu.hiv", "nu", "mu", "delta", "beta.delta", "ART mulitplier"
)), state = c(71336.6969325248, 0.102032889735778, 0.111492022820052, 
0.103703373417562, 1073.89571073723, 0.00137752207630572, 0.00112163421799533, 
0.00135641750367919, 27111.2632150488, 0.0397130286795464, 0.0365828903164653, 
0.0458488087328887, 58.9714636943858, 0.000309897859884603, 0.0003707799670348, 
0.000360259894531878, 38.5053075773451, 0.00032813754387403, 
0.000380932105041664, 0.000447209396063635, 12.8351025257817, 
0.000178920669712588, 0.000542606666131472, 0.000257635651511066, 
9.06007237114003, 0.000146033982734785, 0.000598046939284155, 
0.000216025171017106, 31.5082773287632, 0.000309080203338069, 
0.000758814805209167, 0.000494063267137323, 326.803996955735, 
0.00170551459827654, 0.00439007304013564, 0.00489433153112333, 
9223010.66056289, 99.0755148689451, 280.646013648176, 125.003748179606, 
9223515.38584014, 1282927.39342242, 27.4683066808674, 152.246265476845, 
42.1319287076855, 3915365.5054293, 26.1872380607111, 30.1052091895633, 
38.5476133604586, 1305131.37725929, 14.5071340396327, 42.7026525653191, 
22.4021205227384, 921273.417234287, 11.9323633939179, 47.023045974042, 
18.8545955697843, 632529.715906385, 2.66543154038812, 6.66773118080516, 
8.15486357286951), epsilon = 4.3852029547094e-05), .Names = c("params", 
"state", "epsilon"))
