structure(list(beta.sp = c(16.1628608177095, 16.1628608177095, 
16.1628608177095, 16.1628608177095), phi.sn = c(0.22, 0.22, 0.22, 
0.22), phi.l = c(0.21, 0.447, 1, 0.447), phi.ps = c(0.22, 0.22, 
0.22, 0.22), gamma.lf.ls = c(0.5, 0.5, 0.5, 0.5), gamma.rtx.ls = c(0.2, 
0.2, 0.2, 0.2), gamma.tx.rtx = c(2, 2, 2, 2), rho.lf = c(0.07, 
0.259, 0.7, 0.259), rho.ls = c(0.00049, 0.024, 0.08, 0.024), 
    rho.rel = c(0.02, 0.02, 0.02, 0.02), rho.ps = c(1.33, 3.93, 
    10, 3.93), pi.sp = c(0.75, 0.645, 0.4, 0.645), pi.ep = c(0.15, 
    0.225, 0.4, 0.225), mu.sp = c(0.233, 0.563, 1.333, 0.563), 
    mu.sn = c(0.183, 0.528, 1.333, 0.528), mu.ep = c(0.183, 0.528, 
    1.333, 0.528), zeta.sp = c(0.1, 0.07, 0, 0.07), zeta.sn = c(0.15, 
    0.105, 0, 0.105), zeta.ep = c(0.15, 0.105, 0, 0.105), theta.sp = c(1.00494561361111, 
    1.00494561361111, 1.00494561361111, 1.00494561361111), theta.sn = c(1.00494561361111, 
    1.00494561361111, 1.00494561361111, 1.00494561361111), theta.ep = c(1.00494561361111, 
    1.00494561361111, 1.00494561361111, 1.00494561361111), theta.spI = c(0, 
    0, 0, 0), theta.snI = c(0, 0, 0, 0), theta.epI = c(0, 0, 
    0, 0), eta.sp = c(0.79, 0.79, 0.79, 0.79), eta.sn = c(0.79, 
    0.79, 0.79, 0.79), eta.ep = c(0.79, 0.79, 0.79, 0.79), foi.hiv = c(0.000387915901480777, 
    0, 0, 0), chi.elg = c(0, 0.238663484, 0, 0), chi.tx = c(0, 
    0, 0.0420127723920424, 0), mu.hiv = c(0, 0.008, 0.13, 0.0365
    ), nu = c(0, 0, 0, 0), mu = c(0, 0, 0, 0), delta = c(0.02, 
    0.02, 0.02, 0.02), beta.delta = c(-0.0297807822422589, -0.0297807822422589, 
    -0.0297807822422589, -0.0297807822422589), `ART mulitplier` = c(0.7, 
    0.7, 0.7, 0.7)), .Names = c("beta.sp", "phi.sn", "phi.l", 
"phi.ps", "gamma.lf.ls", "gamma.rtx.ls", "gamma.tx.rtx", "rho.lf", 
"rho.ls", "rho.rel", "rho.ps", "pi.sp", "pi.ep", "mu.sp", "mu.sn", 
"mu.ep", "zeta.sp", "zeta.sn", "zeta.ep", "theta.sp", "theta.sn", 
"theta.ep", "theta.spI", "theta.snI", "theta.epI", "eta.sp", 
"eta.sn", "eta.ep", "foi.hiv", "chi.elg", "chi.tx", "mu.hiv", 
"nu", "mu", "delta", "beta.delta", "ART mulitplier"))
