structure(list(params = structure(list(beta.sp = c(19.9091921849306, 
19.9091921849306, 19.9091921849306, 19.9091921849306), phi.sn = c(0.22, 
0.22, 0.22, 0.22), phi.l = c(0.21, 0.447, 1, 0.447), phi.ps = c(0.22, 
0.22, 0.22, 0.22), gamma.lf.ls = c(0.5, 0.5, 0.5, 0.5), gamma.rtx.ls = c(0.2, 
0.2, 0.2, 0.2), gamma.tx.rtx = c(2, 2, 2, 2), rho.lf = c(0.07, 
0.259, 0.7, 0.259), rho.ls = c(0.00049, 0.024, 0.08, 0.024), 
    rho.rel = c(0.02, 0.02, 0.02, 0.02), rho.ps = c(1.33, 3.93, 
    10, 3.93), pi.sp = c(0.75, 0.645, 0.4, 0.645), pi.ep = c(0.15, 
    0.225, 0.4, 0.225), mu.sp = c(0.233, 0.563, 1.333, 0.563), 
    mu.sn = c(0.183, 0.528, 1.333, 0.528), mu.ep = c(0.183, 0.528, 
    1.333, 0.528), zeta.sp = c(0.1, 0.07, 0, 0.07), zeta.sn = c(0.15, 
    0.105, 0, 0.105), zeta.ep = c(0.15, 0.105, 0, 0.105), theta.sp = c(1.00494561361111, 
    1.00494561361111, 1.00494561361111, 1.00494561361111), theta.sn = c(1.00494561361111, 
    1.00494561361111, 1.00494561361111, 1.00494561361111), theta.ep = c(1.00494561361111, 
    1.00494561361111, 1.00494561361111, 1.00494561361111), theta.spI = c(0, 
    0, 0, 0), theta.snI = c(0, 0, 0, 0), theta.epI = c(0, 0, 
    0, 0), eta.sp = c(0.79, 0.79, 0.79, 0.79), eta.sn = c(0.79, 
    0.79, 0.79, 0.79), eta.ep = c(0.79, 0.79, 0.79, 0.79), foi.hiv = c(0.000387915901480777, 
    0, 0, 0), chi.elg = c(0, 0.238663484, 0, 0), chi.tx = c(0, 
    0, 0.0420127723920424, 0), mu.hiv = c(0, 0.008, 0.13, 0.0365
    ), nu = c(0, 0, 0, 0), mu = c(0, 0, 0, 0), delta = c(0.02, 
    0.02, 0.02, 0.02), beta.delta = c(-0.005, -0.005, -0.005, 
    -0.005), `ART mulitplier` = c(0.7, 0.7, 0.7, 0.7)), .Names = c("beta.sp", 
"phi.sn", "phi.l", "phi.ps", "gamma.lf.ls", "gamma.rtx.ls", "gamma.tx.rtx", 
"rho.lf", "rho.ls", "rho.rel", "rho.ps", "pi.sp", "pi.ep", "mu.sp", 
"mu.sn", "mu.ep", "zeta.sp", "zeta.sn", "zeta.ep", "theta.sp", 
"theta.sn", "theta.ep", "theta.spI", "theta.snI", "theta.epI", 
"eta.sp", "eta.sn", "eta.ep", "foi.hiv", "chi.elg", "chi.tx", 
"mu.hiv", "nu", "mu", "delta", "beta.delta", "ART mulitplier"
)), state = c(46480.9560793028, 62.0527294242076, 68.5889438666107, 
35.8377467857056, 2311.52631027052, 3.09817326373815, 3.03944303382031, 
2.02999093062226, 49814.9689363906, 71.4041725506282, 68.6653285958828, 
56.5184074159749, 124.112020980843, 0.596111725746198, 0.761685320263065, 
0.467850407187861, 83.7771446927867, 0.648838755181812, 0.80044576698902, 
0.599254686176445, 27.9257148975956, 0.353409190206181, 1.14219523487121, 
0.347219088997781, 19.7122693394792, 0.288384989938822, 1.25926744704802, 
0.292021636987467, 65.366188513, 0.583400447581438, 1.53146016144711, 
0.636499595973615, 671.829400306535, 3.22270649551953, 8.79074879944353, 
6.26949837412173, 20327014.9576689, 222464.733434459, 673936.170124813, 
170993.247584321, 21394409.1088134, 2897089.36358905, 60734.7125975774, 
369140.706005032, 57514.0894238302, 8549174.09341724, 56186.7873723451, 
69498.7435714497, 51274.815780186, 2849734.38963719, 30603.907664353, 
99181.2855489295, 29710.1873870117, 2011581.49202248, 24973.1297862725, 
109348.907549634, 24987.4144841761, 1366120.98440007, 5554.75387436839, 
15209.194774812, 10679.2105041378), epsilon = 0.0039524502919988), .Names = c("params", 
"state", "epsilon"))
