structure(list(params = structure(list(beta.sp = c(16.1628608177095, 
16.1628608177095, 16.1628608177095, 16.1628608177095), phi.sn = c(0.22, 
0.22, 0.22, 0.22), phi.l = c(0.21, 0.447, 1, 0.447), phi.ps = c(0.22, 
0.22, 0.22, 0.22), gamma.lf.ls = c(0.5, 0.5, 0.5, 0.5), gamma.rtx.ls = c(0.2, 
0.2, 0.2, 0.2), gamma.tx.rtx = c(2, 2, 2, 2), rho.lf = c(0.07, 
0.259, 0.7, 0.259), rho.ls = c(0.00049, 0.024, 0.08, 0.024), 
    rho.rel = c(0.02, 0.02, 0.02, 0.02), rho.ps = c(1.33, 3.93, 
    10, 3.93), pi.sp = c(0.75, 0.645, 0.4, 0.645), pi.ep = c(0.15, 
    0.225, 0.4, 0.225), mu.sp = c(0.233, 0.563, 1.333, 0.563), 
    mu.sn = c(0.183, 0.528, 1.333, 0.528), mu.ep = c(0.183, 0.528, 
    1.333, 0.528), zeta.sp = c(0.1, 0.07, 0, 0.07), zeta.sn = c(0.15, 
    0.105, 0, 0.105), zeta.ep = c(0.15, 0.105, 0, 0.105), theta.sp = c(1.00494561361111, 
    1.00494561361111, 1.00494561361111, 1.00494561361111), theta.sn = c(1.00494561361111, 
    1.00494561361111, 1.00494561361111, 1.00494561361111), theta.ep = c(1.00494561361111, 
    1.00494561361111, 1.00494561361111, 1.00494561361111), theta.spI = c(0, 
    0, 0, 0), theta.snI = c(0, 0, 0, 0), theta.epI = c(0, 0, 
    0, 0), eta.sp = c(0.79, 0.79, 0.79, 0.79), eta.sn = c(0.79, 
    0.79, 0.79, 0.79), eta.ep = c(0.79, 0.79, 0.79, 0.79), foi.hiv = c(0.000387915901480777, 
    0, 0, 0), chi.elg = c(0, 0.238663484, 0, 0), chi.tx = c(0, 
    0, 0.0420127723920424, 0), mu.hiv = c(0, 0.008, 0.13, 0.0365
    ), nu = c(0, 0, 0, 0), mu = c(0, 0, 0, 0), delta = c(0.02, 
    0.02, 0.02, 0.02), beta.delta = c(-0.0297807822422589, -0.0297807822422589, 
    -0.0297807822422589, -0.0297807822422589), `ART mulitplier` = c(0.7, 
    0.7, 0.7, 0.7)), .Names = c("beta.sp", "phi.sn", "phi.l", 
"phi.ps", "gamma.lf.ls", "gamma.rtx.ls", "gamma.tx.rtx", "rho.lf", 
"rho.ls", "rho.rel", "rho.ps", "pi.sp", "pi.ep", "mu.sp", "mu.sn", 
"mu.ep", "zeta.sp", "zeta.sn", "zeta.ep", "theta.sp", "theta.sn", 
"theta.ep", "theta.spI", "theta.snI", "theta.epI", "eta.sp", 
"eta.sn", "eta.ep", "foi.hiv", "chi.elg", "chi.tx", "mu.hiv", 
"nu", "mu", "delta", "beta.delta", "ART mulitplier")), state = structure(c(47181.6041584467, 
63.0486782711091, 69.713929873317, 36.4288201514617, 1926.36111926877, 
2.55011863853035, 2.44037772291806, 1.65942871927343, 49547.934285012, 
71.1816967294045, 68.8223501724143, 56.5015033405727, 108.993269345377, 
0.562635727534314, 0.721948031881914, 0.445340559637897, 76.1062084316334, 
0.617493537351884, 0.763567136142174, 0.57609413033055, 25.3687361438778, 
0.336439877940975, 1.08938262179814, 0.333785799796717, 17.9073431603843, 
0.274555909413579, 1.20100598333419, 0.280717804105067, 60.3240671446388, 
0.558657283183728, 1.46930702393572, 0.615234694064522, 655.110355863559, 
3.1655783100585, 8.7027732531055, 6.22903456555787, 0, 0, 0, 
0, 0, 0, 0, 0, 0, 0, 0, 0, 0, 0, 0, 0, 0, 0, 0, 0, 0, 0, 0, 0, 
0), .Names = c("S1", "hS1", "aS1", "nS1", "Lf1", "hLf1", "aLf1", 
"nLf1", "Ls1", "hLs1", "aLs1", "nLs1", "Ps1", "hPs1", "aPs1", 
"nPs1", "Asp1", "hAsp1", "aAsp1", "nAsp1", "Asn1", "hAsn1", "aAsn1", 
"nAsn1", "Aep1", "hAep1", "aAep1", "nAep1", "Tx1", "hTx1", "aTx1", 
"nTx1", "Rtx1", "hRtx1", "aRtx1", "nRtx1", "CI1", "hCI1", "aCI1", 
"nCI1", "CIall", "Mtb1", "hMtb1", "aMtb1", "nMtb1", "N.Asp1", 
"hN.Asp1", "aN.Asp1", "nN.Asp1", "N.Asn1", "hN.Asn1", "aN.Asn1", 
"nN.Asn1", "N.Aep1", "hN.Aep1", "aN.Aep1", "nN.Aep1", "ReTx1", 
"hReTx1", "aReTx1", "nReTx1"))), .Names = c("params", "state"
))
