structure(list(params = structure(list(beta.sp = c(23.6266726183072, 
23.6266726183072, 23.6266726183072, 23.6266726183072), phi.sn = c(0.22, 
0.22, 0.22, 0.22), phi.l = c(0.21, 0.447, 1, 0.447), phi.ps = c(0.22, 
0.22, 0.22, 0.22), gamma.lf.ls = c(0.5, 0.5, 0.5, 0.5), gamma.rtx.ls = c(0.2, 
0.2, 0.2, 0.2), gamma.tx.rtx = c(2, 2, 2, 2), rho.lf = c(0.07, 
0.259, 0.7, 0.259), rho.ls = c(0.00049, 0.024, 0.08, 0.024), 
    rho.rel = c(0.02, 0.02, 0.02, 0.02), rho.ps = c(1.33, 3.93, 
    10, 3.93), pi.sp = c(0.75, 0.645, 0.4, 0.645), pi.ep = c(0.15, 
    0.225, 0.4, 0.225), mu.sp = c(0.233, 0.563, 1.333, 0.563), 
    mu.sn = c(0.183, 0.528, 1.333, 0.528), mu.ep = c(0.183, 0.528, 
    1.333, 0.528), zeta.sp = c(0.1, 0.07, 0, 0.07), zeta.sn = c(0.15, 
    0.105, 0, 0.105), zeta.ep = c(0.15, 0.105, 0, 0.105), theta.sp = c(1.94094131815962, 
    1.94094131815962, 1.94094131815962, 1.94094131815962), theta.sn = c(1.94094131815962, 
    1.94094131815962, 1.94094131815962, 1.94094131815962), theta.ep = c(1.94094131815962, 
    1.94094131815962, 1.94094131815962, 1.94094131815962), theta.spI = c(0, 
    0, 0, 0), theta.snI = c(0, 0, 0, 0), theta.epI = c(0, 0, 
    0, 0), eta.sp = c(0.79, 0.79, 0.79, 0.79), eta.sn = c(0.79, 
    0.79, 0.79, 0.79), eta.ep = c(0.79, 0.79, 0.79, 0.79), foi.hiv = c(0.0157967839311304, 
    0, 0, 0), chi.elg = c(0, 0.238663484, 0, 0), chi.tx = c(0, 
    0, 0.190217565614198, 0), mu.hiv = c(0, 0.008, 0.13, 0.0365
    ), nu = c(0, 0, 0, 0), mu = c(0, 0, 0, 0), delta = c(0.02, 
    0.02, 0.02, 0.02), beta.delta = c(-0.005, -0.005, -0.005, 
    -0.005), `ART mulitplier` = c(0.7, 0.7, 0.7, 0.7)), .Names = c("beta.sp", 
"phi.sn", "phi.l", "phi.ps", "gamma.lf.ls", "gamma.rtx.ls", "gamma.tx.rtx", 
"rho.lf", "rho.ls", "rho.rel", "rho.ps", "pi.sp", "pi.ep", "mu.sp", 
"mu.sn", "mu.ep", "zeta.sp", "zeta.sn", "zeta.ep", "theta.sp", 
"theta.sn", "theta.ep", "theta.spI", "theta.snI", "theta.epI", 
"eta.sp", "eta.sn", "eta.ep", "foi.hiv", "chi.elg", "chi.tx", 
"mu.hiv", "nu", "mu", "delta", "beta.delta", "ART mulitplier"
)), state = c(30095.9232928981, 1439.91751662931, 851.212546219674, 
1349.21361191405, 4210.38515742848, 237.478318679198, 151.773699498449, 
396.747507783726, 46841.5887696596, 2816.44792505995, 1660.78127631942, 
6431.76885734558, 209.579109076379, 30.7816525245212, 23.8341743416313, 
63.9505647596159, 82.9850085957165, 22.4517355973019, 17.6769806076665, 
52.5746268099501, 27.6616695319055, 12.2569895344177, 25.1009458454975, 
30.0480146156064, 19.5258843754627, 10.0066720159123, 27.6514053542491, 
25.0887048859566, 124.107330872716, 39.1546690535652, 62.4061591505244, 
107.431145229059, 1096.21561942902, 199.528480152316, 276.455967100264, 
930.288011143626, 32693851.5437675, 7363999.0600685, 13067994.5252334, 
15904819.8794751, 69030665.0085444, 3279859.98026141, 1357524.60934974, 
5027775.00664812, 3397500.87284665, 15008943.0633951, 2406309.33980098, 
1826265.74938355, 5874690.13039357, 5002991.38080636, 1313531.00205446, 
2587844.47032792, 3355564.54495583, 3531527.89807271, 1072350.21775845, 
2849828.83537598, 2800849.336331, 1962409.9109499, 220779.968672955, 
291311.992479484, 1069259.70643022), epsilon = 0.00423250349108312), .Names = c("params", 
"state", "epsilon"))
